Матрица смежности:
0 1 0 0 0 
1 0 1 0 1 
0 1 0 0 1 
0 0 0 0 1 
0 1 1 1 0 
Маршрут: 
1 -> 2 -> 5

Матрица смежности:
0 1 0 0 0 
1 0 1 0 0 
0 1 0 1 0 
0 0 1 0 1 
0 0 0 1 0 
Маршрут: 
1 -> 2 -> 3 -> 4 -> 5

Матрица смежности:
0 1 0 0 0 
1 0 1 0 0 
0 1 0 1 0 
0 0 1 0 1 
0 0 0 1 0 
Маршрут: 
3 -> 2 -> 1

Матрица смежности:
0 1 0 0 0 
1 0 1 0 0 
0 1 0 1 0 
0 0 1 0 1 
0 0 0 1 0 
Маршрут: 
4 -> 3 -> 2

Матрица смежности:
0 1 0 0 0 1 1 0 
1 0 1 0 0 0 1 1 
0 1 0 1 0 0 0 1 
0 0 1 0 1 1 0 0 
0 0 0 1 0 0 1 0 
1 0 0 1 0 0 0 1 
1 1 0 0 1 0 0 0 
0 1 1 0 0 1 0 0 
Путь: 
5 -> 7 -> 1

Матрица смежности:
0 1 0 0 0 1 1 0 
1 0 1 0 0 0 1 1 
0 1 0 1 0 0 0 1 
0 0 1 0 1 1 0 0 
0 0 0 1 0 0 1 0 
1 0 0 1 0 0 0 1 
1 1 0 0 1 0 0 0 
0 1 1 0 0 1 0 0 
Путь: 
1 -> 2 -> 3

Матрица смежности:
0 1 0 0 0 1 1 0 
1 0 1 0 0 0 1 1 
0 1 0 1 0 0 0 1 
0 0 1 0 1 1 0 0 
0 0 0 1 0 0 1 0 
1 0 0 1 0 0 0 1 
1 1 0 0 1 0 0 0 
0 1 1 0 0 1 0 0 
Путь: 
8 -> 2

Матрица смежности:
0 1 0 0 0 1 1 0 
1 0 1 0 0 0 1 1 
0 1 0 1 0 0 0 1 
0 0 1 0 1 1 0 0 
0 0 0 1 0 0 1 0 
1 0 0 1 0 0 0 1 
1 1 0 0 1 0 0 0 
0 1 1 0 0 1 0 0 
Путь: 
8 -> 2 -> 7 -> 5

Матрица смежности:
0 1 0 0 0 1 1 0 
1 0 1 0 0 0 1 1 
0 1 0 1 0 0 0 1 
0 0 1 0 1 1 0 0 
0 0 0 1 0 0 1 0 
1 0 0 1 0 0 0 1 
1 1 0 0 1 0 0 0 
0 1 1 0 0 1 0 0 
Путь: 
7 -> 5 -> 4

Матрица смежности:
0 1 0 0 0 1 1 0 
1 0 1 0 0 0 1 1 
0 1 0 1 0 0 0 1 
0 0 1 0 1 1 0 0 
0 0 0 1 0 0 1 0 
1 0 0 1 0 0 0 1 
1 1 0 0 1 0 0 0 
0 1 1 0 0 1 0 0 
Путь: 
5 -> 7

Матрица смежности:
0 1 0 0 0 1 1 0 
1 0 1 0 0 0 1 1 
0 1 0 1 0 0 0 1 
0 0 1 0 1 1 0 0 
0 0 0 1 0 0 1 0 
1 0 0 1 0 0 0 1 
1 1 0 0 1 0 0 0 
0 1 1 0 0 1 0 0 
Путь: 
6 -> 1 -> 7

Матрица смежности:
0 1 0 0 0 1 1 0 
1 0 1 0 0 0 1 1 
0 1 0 1 0 0 0 1 
0 0 1 0 1 1 0 0 
0 0 0 1 0 0 1 0 
1 0 0 1 0 0 0 1 
1 1 0 0 1 0 0 0 
0 1 1 0 0 1 0 0 
Путь: 
1 -> 2 -> 8

