Матрица смежности:
0 1 0 0 0 1 1 0 
1 0 1 0 0 0 1 1 
0 1 0 1 0 0 0 1 
0 0 1 0 1 1 0 0 
0 0 0 1 0 0 1 0 
1 0 0 1 0 0 0 1 
1 1 0 0 1 0 0 0 
0 1 1 0 0 1 0 0 
Маршрут: 
1 -> 7 -> 5 -> 4 -> 3 -> 8

Матрица смежности:
0 1 0 0 0 1 1 0 
1 0 1 0 0 0 1 1 
0 1 0 1 0 0 0 1 
0 0 1 0 1 1 0 0 
0 0 0 1 0 0 1 0 
1 0 0 1 0 0 0 1 
1 1 0 0 1 0 0 0 
0 1 1 0 0 1 0 0 
Маршрут: 
2 -> 8 -> 6 -> 4

Матрица смежности:
0 1 0 0 0 1 1 0 
1 0 1 0 0 0 1 1 
0 1 0 1 0 0 0 1 
0 0 1 0 1 1 0 0 
0 0 0 1 0 0 1 0 
1 0 0 1 0 0 0 1 
1 1 0 0 1 0 0 0 
0 1 1 0 0 1 0 0 
Маршрут: 
1 -> 7 -> 5 -> 4 -> 3 -> 8

Матрица смежности:
0 1 0 0 0 1 1 0 
1 0 1 0 0 0 1 1 
0 1 0 1 0 0 0 1 
0 0 1 0 1 1 0 0 
0 0 0 1 0 0 1 0 
1 0 0 1 0 0 0 1 
1 1 0 0 1 0 0 0 
0 1 1 0 0 1 0 0 
Маршрут: 
1 -> 7 -> 5 -> 4

Матрица смежности:
0 1 0 0 0 1 1 0 
1 0 1 0 0 0 1 1 
0 1 0 1 0 0 0 1 
0 0 1 0 1 1 0 0 
0 0 0 1 0 0 1 0 
1 0 0 1 0 0 0 1 
1 1 0 0 1 0 0 0 
0 1 1 0 0 1 0 0 
Маршрут: 
1 -> 2 -> 8

Матрица смежности:
0 1 0 0 0 1 1 0 
1 0 1 0 0 0 1 1 
0 1 0 1 0 0 0 1 
0 0 1 0 1 1 0 0 
0 0 0 1 0 0 1 0 
1 0 0 1 0 0 0 1 
1 1 0 0 1 0 0 0 
0 1 1 0 0 1 0 0 
Маршрут: 
1 -> 2 -> 8

Матрица смежности:
0 1 0 0 0 1 1 0 
1 0 1 0 0 0 1 1 
0 1 0 1 0 0 0 1 
0 0 1 0 1 1 0 0 
0 0 0 1 0 0 1 0 
1 0 0 1 0 0 0 1 
1 1 0 0 1 0 0 0 
0 1 1 0 0 1 0 0 
Маршрут: 
1 -> 2 -> 8

Матрица смежности:
0 1 0 0 0 1 1 0 
1 0 1 0 0 0 1 1 
0 1 0 1 0 0 0 1 
0 0 1 0 1 1 0 0 
0 0 0 1 0 0 1 0 
1 0 0 1 0 0 0 1 
1 1 0 0 1 0 0 0 
0 1 1 0 0 1 0 0 
Маршрут: 
1 -> 2 -> 3 -> 4 -> 6 -> 8

Матрица смежности:
0 1 0 0 0 1 1 0 
1 0 1 0 0 0 1 1 
0 1 0 1 0 0 0 1 
0 0 1 0 1 1 0 0 
0 0 0 1 0 0 1 0 
1 0 0 1 0 0 0 1 
1 1 0 0 1 0 0 0 
0 1 1 0 0 1 0 0 
Маршрут: 
1 -> 2 -> 3 -> 4 -> 5 -> 7

Матрица смежности:
0 1 0 0 0 1 1 0 
1 0 1 0 0 0 1 1 
0 1 0 1 0 0 0 1 
0 0 1 0 1 1 0 0 
0 0 0 1 0 0 1 0 
1 0 0 1 0 0 0 1 
1 1 0 0 1 0 0 0 
0 1 1 0 0 1 0 0 
Маршрут: 
1 -> 2 -> 3 -> 4

Матрица смежности:
0 1 0 0 0 1 1 0 
1 0 1 0 0 0 1 1 
0 1 0 1 0 0 0 1 
0 0 1 0 1 1 0 0 
0 0 0 1 0 0 1 0 
1 0 0 1 0 0 0 1 
1 1 0 0 1 0 0 0 
0 1 1 0 0 1 0 0 
Маршрут: 
7 -> 1 -> 2 -> 8

Матрица смежности:
0 1 0 0 0 1 1 0 
1 0 1 0 0 0 1 1 
0 1 0 1 0 0 0 1 
0 0 1 0 1 1 0 0 
0 0 0 1 0 0 1 0 
1 0 0 1 0 0 0 1 
1 1 0 0 1 0 0 0 
0 1 1 0 0 1 0 0 
Маршрут: 
7 -> 1 -> 6 -> 8

Матрица смежности:
0 1 0 0 0 1 1 0 
1 0 1 0 0 0 1 1 
0 1 0 1 0 0 0 1 
0 0 1 0 1 1 0 0 
0 0 0 1 0 0 1 0 
1 0 0 1 0 0 0 1 
1 1 0 0 1 0 0 0 
0 1 1 0 0 1 0 0 
Маршрут: 
5 -> 4 -> 3 -> 2 -> 1 -> 6 -> 8

Матрица смежности:
0 1 0 0 0 1 1 0 
1 0 1 0 0 0 1 1 
0 1 0 1 0 0 0 1 
0 0 1 0 1 1 0 0 
0 0 0 1 0 0 1 0 
1 0 0 1 0 0 0 1 
1 1 0 0 1 0 0 0 
0 1 1 0 0 1 0 0 
Маршрут: 
4 -> 3 -> 2 -> 1 -> 6 -> 8

Матрица смежности:
0 1 0 0 0 1 1 0 
1 0 1 0 0 0 1 1 
0 1 0 1 0 0 0 1 
0 0 1 0 1 1 0 0 
0 0 0 1 0 0 1 0 
1 0 0 1 0 0 0 1 
1 1 0 0 1 0 0 0 
0 1 1 0 0 1 0 0 
Маршрут: 
2 -> 1 -> 6 -> 4 -> 5 -> 7

Матрица смежности:
0 1 0 0 0 1 1 0 
1 0 1 0 0 0 1 1 
0 1 0 1 0 0 0 1 
0 0 1 0 1 1 0 0 
0 0 0 1 0 0 1 0 
1 0 0 1 0 0 0 1 
1 1 0 0 1 0 0 0 
0 1 1 0 0 1 0 0 
Маршрут: 
7 -> 1 -> 2

Матрица смежности:
0 1 0 0 0 1 1 0 
1 0 1 0 0 0 1 1 
0 1 0 1 0 0 0 1 
0 0 1 0 1 1 0 0 
0 0 0 1 0 0 1 0 
1 0 0 1 0 0 0 1 
1 1 0 0 1 0 0 0 
0 1 1 0 0 1 0 0 
Маршрут: 
8 -> 2 -> 1

Матрица смежности:
0 1 0 0 0 1 1 0 
1 0 1 0 0 0 1 1 
0 1 0 1 0 0 0 1 
0 0 1 0 1 1 0 0 
0 0 0 1 0 0 1 0 
1 0 0 1 0 0 0 1 
1 1 0 0 1 0 0 0 
0 1 1 0 0 1 0 0 
Маршрут: 
7 -> 5 -> 4 -> 6 -> 8 -> 3 -> 2

Матрица смежности:
0 1 0 0 0 1 1 0 
1 0 1 0 0 0 1 1 
0 1 0 1 0 0 0 1 
0 0 1 0 1 1 0 0 
0 0 0 1 0 0 1 0 
1 0 0 1 0 0 0 1 
1 1 0 0 1 0 0 0 
0 1 1 0 0 1 0 0 
Маршрут: 
7 -> 1

Матрица смежности:
0 1 0 0 0 1 1 0 
1 0 1 0 0 0 1 1 
0 1 0 1 0 0 0 1 
0 0 1 0 1 1 0 0 
0 0 0 1 0 0 1 0 
1 0 0 1 0 0 0 1 
1 1 0 0 1 0 0 0 
0 1 1 0 0 1 0 0 
Маршрут: 
1 -> 7

Матрица смежности:
0 1 0 0 0 1 1 0 
1 0 1 0 0 0 1 1 
0 1 0 1 0 0 0 1 
0 0 1 0 1 1 0 0 
0 0 0 1 0 0 1 0 
1 0 0 1 0 0 0 1 
1 1 0 0 1 0 0 0 
0 1 1 0 0 1 0 0 
Маршрут: 
7 -> 1

Матрица смежности:
0 1 0 0 0 1 1 0 
1 0 1 0 0 0 1 1 
0 1 0 1 0 0 0 1 
0 0 1 0 1 1 0 0 
0 0 0 1 0 0 1 0 
1 0 0 1 0 0 0 1 
1 1 0 0 1 0 0 0 
0 1 1 0 0 1 0 0 
Маршрут: 
7 -> 5 -> 4 -> 6 -> 8 -> 3 -> 2 -> 1

Матрица смежности:
0 1 0 0 0 1 1 0 
1 0 1 0 0 0 1 1 
0 1 0 1 0 0 0 1 
0 0 1 0 1 1 0 0 
0 0 0 1 0 0 1 0 
1 0 0 1 0 0 0 1 
1 1 0 0 1 0 0 0 
0 1 1 0 0 1 0 0 
Маршрут: 
7 -> 5 -> 4 -> 6 -> 8 -> 3 -> 2 -> 1

Матрица смежности:
0 1 0 0 0 1 1 0 
1 0 1 0 0 0 1 1 
0 1 0 1 0 0 0 1 
0 0 1 0 1 1 0 0 
0 0 0 1 0 0 1 0 
1 0 0 1 0 0 0 1 
1 1 0 0 1 0 0 0 
0 1 1 0 0 1 0 0 
Маршрут: 
1 -> 2 -> 3 -> 4 -> 6 -> 8

Матрица смежности:
0 1 0 0 0 1 1 0 
1 0 1 0 0 0 1 1 
0 1 0 1 0 0 0 1 
0 0 1 0 1 1 0 0 
0 0 0 1 0 0 1 0 
1 0 0 1 0 0 0 1 
1 1 0 0 1 0 0 0 
0 1 1 0 0 1 0 0 
Маршрут: 
1 -> 2 -> 8

Матрица смежности:
0 1 0 0 0 1 1 0 
1 0 1 0 0 0 1 1 
0 1 0 1 0 0 0 1 
0 0 1 0 1 1 0 0 
0 0 0 1 0 0 1 0 
1 0 0 1 0 0 0 1 
1 1 0 0 1 0 0 0 
0 1 1 0 0 1 0 0 
Маршрут: 
1 -> 2 -> 3 -> 4 -> 6 -> 8

Матрица смежности:
0 1 0 0 0 1 1 0 
1 0 1 0 0 0 1 1 
0 1 0 1 0 0 0 1 
0 0 1 0 1 1 0 0 
0 0 0 1 0 0 1 0 
1 0 0 1 0 0 0 1 
1 1 0 0 1 0 0 0 
0 1 1 0 0 1 0 0 
Маршрут: 
1 -> 2 -> 3 -> 4 -> 6 -> 8

Матрица смежности:
0 1 0 0 0 1 1 0 
1 0 1 0 0 0 1 1 
0 1 0 1 0 0 0 1 
0 0 1 0 1 1 0 0 
0 0 0 1 0 0 1 0 
1 0 0 1 0 0 0 1 
1 1 0 0 1 0 0 0 
0 1 1 0 0 1 0 0 
Маршрут: 
8 -> 2 -> 1 -> 6 -> 4 -> 5 -> 7

Матрица смежности:
0 1 0 0 0 1 1 0 
1 0 1 0 0 0 1 1 
0 1 0 1 0 0 0 1 
0 0 1 0 1 1 0 0 
0 0 0 1 0 0 1 0 
1 0 0 1 0 0 0 1 
1 1 0 0 1 0 0 0 
0 1 1 0 0 1 0 0 
Маршрут: 
2 -> 1 -> 6 -> 4 -> 3 -> 8

Матрица смежности:
0 1 0 0 0 1 1 0 
1 0 1 0 0 0 1 1 
0 1 0 1 0 0 0 1 
0 0 1 0 1 1 0 0 
0 0 0 1 0 0 1 0 
1 0 0 1 0 0 0 1 
1 1 0 0 1 0 0 0 
0 1 1 0 0 1 0 0 
Маршрут: 
1 -> 2 -> 3 -> 4 -> 6 -> 8

Матрица смежности:
0 1 0 0 0 1 1 0 
1 0 1 0 0 0 1 1 
0 1 0 1 0 0 0 1 
0 0 1 0 1 1 0 0 
0 0 0 1 0 0 1 0 
1 0 0 1 0 0 0 1 
1 1 0 0 1 0 0 0 
0 1 1 0 0 1 0 0 
Маршрут: 
5 -> 4 -> 3 -> 2 -> 1 -> 6 -> 8

Матрица смежности:
0 1 0 0 0 1 1 0 
1 0 1 0 0 0 1 1 
0 1 0 1 0 0 0 1 
0 0 1 0 1 1 0 0 
0 0 0 1 0 0 1 0 
1 0 0 1 0 0 0 1 
1 1 0 0 1 0 0 0 
0 1 1 0 0 1 0 0 
Маршрут: 
5 -> 4 -> 3 -> 2 -> 1 -> 6

