
Маршрут: 
0 1 0 0 0 1 1 0 
1 0 1 0 0 0 1 1 
0 1 0 1 0 0 0 1 
0 0 1 0 1 1 0 0 
0 0 0 1 0 0 1 0 
1 0 0 1 0 0 0 1 
1 1 0 0 1 0 0 0 
0 1 1 0 0 1 0 0 
Путь: 
1 -> 2 -> 3 -> 4 -> 6 -> 8
Маршрут: 
0 1 0 0 0 1 1 0 
1 0 1 0 0 0 1 1 
0 1 0 1 0 0 0 1 
0 0 1 0 1 1 0 0 
0 0 0 1 0 0 1 0 
1 0 0 1 0 0 0 1 
1 1 0 0 1 0 0 0 
0 1 1 0 0 1 0 0 
Путь: 
2 -> 1 -> 6 -> 4
Маршрут: 
0 1 0 0 0 1 1 0 
1 0 1 0 0 0 1 1 
0 1 0 1 0 0 0 1 
0 0 1 0 1 1 0 0 
0 0 0 1 0 0 1 0 
1 0 0 1 0 0 0 1 
1 1 0 0 1 0 0 0 
0 1 1 0 0 1 0 0 
Путь: 
1 -> 2 -> 3 -> 4 -> 6 -> 8
Маршрут: 
0 1 0 0 0 1 1 0 
1 0 1 0 0 0 1 1 
0 1 0 1 0 0 0 1 
0 0 1 0 1 1 0 0 
0 0 0 1 0 0 1 0 
1 0 0 1 0 0 0 1 
1 1 0 0 1 0 0 0 
0 1 1 0 0 1 0 0 
Путь: 
1 -> 2 -> 3 -> 4
Маршрут: 
0 1 0 0 0 1 1 0 
1 0 1 0 0 0 1 1 
0 1 0 1 0 0 0 1 
0 0 1 0 1 1 0 0 
0 0 0 1 0 0 1 0 
1 0 0 1 0 0 0 1 
1 1 0 0 1 0 0 0 
0 1 1 0 0 1 0 0 
Путь: 
1 -> 2 -> 3 -> 4
Маршрут: 
0 1 0 0 0 1 1 0 
1 0 1 0 0 0 1 1 
0 1 0 1 0 0 0 1 
0 0 1 0 1 1 0 0 
0 0 0 1 0 0 1 0 
1 0 0 1 0 0 0 1 
1 1 0 0 1 0 0 0 
0 1 1 0 0 1 0 0 
Путь: 
1 -> 2 -> 3 -> 4 -> 6 -> 8
Маршрут: 
0 1 0 0 0 1 1 0 
1 0 1 0 0 0 1 1 
0 1 0 1 0 0 0 1 
0 0 1 0 1 1 0 0 
0 0 0 1 0 0 1 0 
1 0 0 1 0 0 0 1 
1 1 0 0 1 0 0 0 
0 1 1 0 0 1 0 0 
Путь: 
1 -> 2 -> 3 -> 4 -> 6 -> 8
Маршрут: 
0 1 0 0 0 1 1 0 
1 0 1 0 0 0 1 1 
0 1 0 1 0 0 0 1 
0 0 1 0 1 1 0 0 
0 0 0 1 0 0 1 0 
1 0 0 1 0 0 0 1 
1 1 0 0 1 0 0 0 
0 1 1 0 0 1 0 0 
Путь: 
1 -> 2 -> 3 -> 4 -> 6 -> 8
Маршрут: 
0 1 0 0 0 1 1 0 
1 0 1 0 0 0 1 1 
0 1 0 1 0 0 0 1 
0 0 1 0 1 1 0 0 
0 0 0 1 0 0 1 0 
1 0 0 1 0 0 0 1 
1 1 0 0 1 0 0 0 
0 1 1 0 0 1 0 0 
Путь: 
1 -> 2 -> 3 -> 4 -> 5 -> 7
Маршрут: 
0 1 0 0 0 1 1 0 
1 0 1 0 0 0 1 1 
0 1 0 1 0 0 0 1 
0 0 1 0 1 1 0 0 
0 0 0 1 0 0 1 0 
1 0 0 1 0 0 0 1 
1 1 0 0 1 0 0 0 
0 1 1 0 0 1 0 0 
Путь: 
1 -> 2 -> 3 -> 4
Маршрут: 
0 1 0 0 0 1 1 0 
1 0 1 0 0 0 1 1 
0 1 0 1 0 0 0 1 
0 0 1 0 1 1 0 0 
0 0 0 1 0 0 1 0 
1 0 0 1 0 0 0 1 
1 1 0 0 1 0 0 0 
0 1 1 0 0 1 0 0 
Путь: 
7 -> 1 -> 2 -> 3 -> 4 -> 6 -> 8
Маршрут: 
0 1 0 0 0 1 1 0 
1 0 1 0 0 0 1 1 
0 1 0 1 0 0 0 1 
0 0 1 0 1 1 0 0 
0 0 0 1 0 0 1 0 
1 0 0 1 0 0 0 1 
1 1 0 0 1 0 0 0 
0 1 1 0 0 1 0 0 
Путь: 
7 -> 1 -> 2 -> 3 -> 4 -> 6 -> 8
Маршрут: 
0 1 0 0 0 1 1 0 
1 0 1 0 0 0 1 1 
0 1 0 1 0 0 0 1 
0 0 1 0 1 1 0 0 
0 0 0 1 0 0 1 0 
1 0 0 1 0 0 0 1 
1 1 0 0 1 0 0 0 
0 1 1 0 0 1 0 0 
Путь: 
5 -> 4 -> 3 -> 2 -> 1 -> 6 -> 8
Маршрут: 
0 1 0 0 0 1 1 0 
1 0 1 0 0 0 1 1 
0 1 0 1 0 0 0 1 
0 0 1 0 1 1 0 0 
0 0 0 1 0 0 1 0 
1 0 0 1 0 0 0 1 
1 1 0 0 1 0 0 0 
0 1 1 0 0 1 0 0 
Путь: 
4 -> 3 -> 2 -> 1 -> 6 -> 8
Маршрут: 
0 1 0 0 0 1 1 0 
1 0 1 0 0 0 1 1 
0 1 0 1 0 0 0 1 
0 0 1 0 1 1 0 0 
0 0 0 1 0 0 1 0 
1 0 0 1 0 0 0 1 
1 1 0 0 1 0 0 0 
0 1 1 0 0 1 0 0 
Путь: 
2 -> 1 -> 6 -> 4 -> 5 -> 7
Маршрут: 
0 1 0 0 0 1 1 0 
1 0 1 0 0 0 1 1 
0 1 0 1 0 0 0 1 
0 0 1 0 1 1 0 0 
0 0 0 1 0 0 1 0 
1 0 0 1 0 0 0 1 
1 1 0 0 1 0 0 0 
0 1 1 0 0 1 0 0 
Путь: 
7 -> 1 -> 2
Маршрут: 
0 1 0 0 0 1 1 0 
1 0 1 0 0 0 1 1 
0 1 0 1 0 0 0 1 
0 0 1 0 1 1 0 0 
0 0 0 1 0 0 1 0 
1 0 0 1 0 0 0 1 
1 1 0 0 1 0 0 0 
0 1 1 0 0 1 0 0 
Путь: 
8 -> 2 -> 1
Маршрут: 
0 1 0 0 0 1 1 0 
1 0 1 0 0 0 1 1 
0 1 0 1 0 0 0 1 
0 0 1 0 1 1 0 0 
0 0 0 1 0 0 1 0 
1 0 0 1 0 0 0 1 
1 1 0 0 1 0 0 0 
0 1 1 0 0 1 0 0 
Путь: 
7 -> 1 -> 2
Маршрут: 
0 1 0 0 0 1 1 0 
1 0 1 0 0 0 1 1 
0 1 0 1 0 0 0 1 
0 0 1 0 1 1 0 0 
0 0 0 1 0 0 1 0 
1 0 0 1 0 0 0 1 
1 1 0 0 1 0 0 0 
0 1 1 0 0 1 0 0 
Путь: 
7 -> 1
Маршрут: 
0 1 0 0 0 1 1 0 
1 0 1 0 0 0 1 1 
0 1 0 1 0 0 0 1 
0 0 1 0 1 1 0 0 
0 0 0 1 0 0 1 0 
1 0 0 1 0 0 0 1 
1 1 0 0 1 0 0 0 
0 1 1 0 0 1 0 0 
Путь: 
1 -> 7
Маршрут: 
0 1 0 0 0 1 1 0 
1 0 1 0 0 0 1 1 
0 1 0 1 0 0 0 1 
0 0 1 0 1 1 0 0 
0 0 0 1 0 0 1 0 
1 0 0 1 0 0 0 1 
1 1 0 0 1 0 0 0 
0 1 1 0 0 1 0 0 
Путь: 
7 -> 1
Маршрут: 
0 1 0 0 0 1 1 0 
1 0 1 0 0 0 1 1 
0 1 0 1 0 0 0 1 
0 0 1 0 1 1 0 0 
0 0 0 1 0 0 1 0 
1 0 0 1 0 0 0 1 
1 1 0 0 1 0 0 0 
0 1 1 0 0 1 0 0 
Путь: 
7 -> 5 -> 4 -> 6 -> 8 -> 3 -> 2 -> 1
Маршрут: 
0 1 0 0 0 1 1 0 
1 0 1 0 0 0 1 1 
0 1 0 1 0 0 0 1 
0 0 1 0 1 1 0 0 
0 0 0 1 0 0 1 0 
1 0 0 1 0 0 0 1 
1 1 0 0 1 0 0 0 
0 1 1 0 0 1 0 0 
Путь: 
6 -> 8 -> 3 -> 4 -> 5 -> 7 -> 2 -> 1
Маршрут: 
0 1 0 0 0 1 1 0 
1 0 1 0 0 0 1 1 
0 1 0 1 0 0 0 1 
0 0 1 0 1 1 0 0 
0 0 0 1 0 0 1 0 
1 0 0 1 0 0 0 1 
1 1 0 0 1 0 0 0 
0 1 1 0 0 1 0 0 
Путь: 
1 -> 2 -> 3 -> 4 -> 5 -> 7
Маршрут: 
0 1 0 0 0 1 1 0 
1 0 1 0 0 0 1 1 
0 1 0 1 0 0 0 1 
0 0 1 0 1 1 0 0 
0 0 0 1 0 0 1 0 
1 0 0 1 0 0 0 1 
1 1 0 0 1 0 0 0 
0 1 1 0 0 1 0 0 
Путь: 
1 -> 2 -> 3 -> 4 -> 6 -> 8
Маршрут: 
0 1 0 0 0 1 1 0 
1 0 1 0 0 0 1 1 
0 1 0 1 0 0 0 1 
0 0 1 0 1 1 0 0 
0 0 0 1 0 0 1 0 
1 0 0 1 0 0 0 1 
1 1 0 0 1 0 0 0 
0 1 1 0 0 1 0 0 
Путь: 
8 -> 2 -> 1
Маршрут: 
0 1 0 0 0 1 1 0 
1 0 1 0 0 0 1 1 
0 1 0 1 0 0 0 1 
0 0 1 0 1 1 0 0 
0 0 0 1 0 0 1 0 
1 0 0 1 0 0 0 1 
1 1 0 0 1 0 0 0 
0 1 1 0 0 1 0 0 
Путь: 
1 -> 2 -> 3 -> 4 -> 6 -> 8
Маршрут: 
0 1 0 0 0 1 1 0 
1 0 1 0 0 0 1 1 
0 1 0 1 0 0 0 1 
0 0 1 0 1 1 0 0 
0 0 0 1 0 0 1 0 
1 0 0 1 0 0 0 1 
1 1 0 0 1 0 0 0 
0 1 1 0 0 1 0 0 
Путь: 
8 -> 2 -> 1 -> 6 -> 4 -> 5 -> 7
Маршрут: 
0 1 0 0 0 1 1 0 
1 0 1 0 0 0 1 1 
0 1 0 1 0 0 0 1 
0 0 1 0 1 1 0 0 
0 0 0 1 0 0 1 0 
1 0 0 1 0 0 0 1 
1 1 0 0 1 0 0 0 
0 1 1 0 0 1 0 0 
Путь: 
3 -> 2 -> 1 -> 6 -> 8
Маршрут: 
0 1 0 0 0 1 1 0 
1 0 1 0 0 0 1 1 
0 1 0 1 0 0 0 1 
0 0 1 0 1 1 0 0 
0 0 0 1 0 0 1 0 
1 0 0 1 0 0 0 1 
1 1 0 0 1 0 0 0 
0 1 1 0 0 1 0 0 
Путь: 
1 -> 2 -> 3 -> 4 -> 6 -> 8
Маршрут: 
0 1 0 0 0 1 1 0 
1 0 1 0 0 0 1 1 
0 1 0 1 0 0 0 1 
0 0 1 0 1 1 0 0 
0 0 0 1 0 0 1 0 
1 0 0 1 0 0 0 1 
1 1 0 0 1 0 0 0 
0 1 1 0 0 1 0 0 
Путь: 
5 -> 4 -> 3 -> 2 -> 1 -> 6 -> 8
Маршрут: 
0 1 0 0 0 1 1 0 
1 0 1 0 0 0 1 1 
0 1 0 1 0 0 0 1 
0 0 1 0 1 1 0 0 
0 0 0 1 0 0 1 0 
1 0 0 1 0 0 0 1 
1 1 0 0 1 0 0 0 
0 1 1 0 0 1 0 0 
Путь: 
5 -> 4 -> 3 -> 2 -> 1 -> 6